000000
000003
000007
000009
000010
000011
000012
000013
000014
000016
000017
000018
000022
000026
000029
000030
000032
000034
000036
000038
000041
000042
000043
000044
000045
000046
000047
000048
000049
000050
000052
000051
000053
000054
000055
000056
000057
000058
000059
000060
000061
000062
000063
000064
000065
000066
000067
000068
000069
000070
000071
000072
000073
000074
000075
000076
000077
000078
000079
000080
000081
000082
000083
000084
000085
000086
000087
000088
000089
000090
000091
000092
000093
000094
000095
000096
000097
000098
000102
000099
000100
000101
000103
000104
000105
000106
000107
000108
000109
000110
000111
000112
000113
000114
000115
000116
000117
000118
000119
000120
000121
000122
000123
000124
000125
000126
000127
000128
000129
000130
000131
000132
000133
000134
000135
000136
000137
000138
000139
000140
000141
000142
000143
000144
000145
000146
000147
000148
000149
000150
000151
000152
000153
000154
000155
000156
000157
000158
000159
000160
000161
